364.000000
18.000000
877.000000
260.000000
827.000000
698.000000
254.000000
612.000000
331.000000
649.000000
285.000000
491.000000
212.000000
466.000000
994.000000
1088.000000
114.000000
316.000000
592.000000
73.000000
254.000000
1609.000000
780.000000
505.000000
467.000000
860.000000
741.000000
857.000000
458.000000
784.000000
342.000000
86.000000
214.000000
348.000000
327.000000
211.000000
165.000000
188.000000
475.000000
741.000000
891.000000
230.000000
509.000000
461.000000
498.000000
373.000000
1049.000000
82.000000
1196.000000
456.000000
